14.438359 73.862701
19.725653  73.188919
26.830538  75.536766
33.170700  76.370193
38.140675  76.766182
44.478096  77.539864
52.184078  78.127495
58.568531  78.155540
65.186707  79.632225
68.561813  82.431488
71.800896  85.635193
73.578827  87.453247
76.261948  90.042679
77.900635  94.335022
77.255318  99.847145
74.839676  103.541092
71.708656  107.421432
67.719841  112.157639
64.733925  113.647125
61.180672  113.793434
58.071110  113.592079
53.660080  113.306458
48.588856  112.583199
43.884483  110.436157
39.564663  108.444031
34.305317  107.630829
29.181000  104.596748
25.242800  101.251625
23.104109  98.020882
23.391087  93.064766
23.337238  88.297363
19.660685  85.880791
132.764160  24.628651
141.108932  32.296444
142.530945  40.638161
142.909363  49.304588
142.098282  57.691563
144.812546  63.656342
148.127228  67.624779
150.294281  70.261307
153.844589  75.307205
157.361725  80.400124
159.758881  85.406227
161.735825  91.914833
161.041153  94.514008
144.573181  99.534889
147.383835  99.716606
149.419418  99.750832
152.534149  99.803177
155.939041  99.942825
159.585236  104.884064
156.529816  109.571381
153.699463  113.920403
149.720734  119.218140
146.042053  125.025520
144.964584  128.783340
144.481033  133.956757
145.473709  137.902298
147.035461  143.028793
148.422089  147.223358
150.082794  151.535873
151.110382  156.746628
149.103729  161.936478
147.871460  166.909668
146.706955  170.996048
145.667130  174.256546
144.425156  179.080872
143.743164  183.659439
143.431061  189.799118
146.057999  194.050568
149.612915  198.022659
154.985153  201.832413
160.660126  200.978058
165.478317  197.844604
170.344574  193.737656
173.178604  188.976913
175.281586  184.065292
177.557648  179.450470
181.216827  175.284058
184.982666  169.641006
187.266785  162.227875
188.093155  155.879257
186.420609  150.189377
184.449646  144.797134 
182.060135  139.324173
179.244171  133.100967
176.514008  127.069092
173.768021  120.571846
174.949966  114.902122
179.183197  107.289223
185.717514  107.357010
193.951660  107.581352
201.238708  105.573959 
208.493805  104.947334
215.796005  103.274445
223.796600  99.934875
227.729477  93.368927
228.826340  86.636536
230.696960  74.228233
227.540146  63.743645
222.463287  60.313862
222.919403  53.853855
119.743767  182.000168
112.566147  177.513885
107.924683  171.365753
105.469688  164.743073
101.368828  159.351685
95.444130  160.075531
91.497398  164.307587
88.470856  167.992889
85.094994  172.395950
81.627144  177.693451
79.187599  183.171967
79.108887  187.265320
79.833862  190.893478
82.130981  193.798416
84.573669  196.439026
87.378830  199.127853
90.466278  201.741241
93.808098  202.367554
97.558815  201.330078
101.818214  199.653717
105.413055  197.755356
110.255714  195.110382
66.766975  246.387787
64.906425  239.810303
62.867603  233.990707
59.132793  227.516159
54.819500  222.545517
51.494518  219.673157
45.872643  218.838196
39.465458  216.567947
39.465458  216.567947
33.532326  216.013779
26.741066  216.448120
21.389383  216.841034
16.072300  217.395020
12.020850  217.883621
6.884730  218.276321
